2.57645 1.81114
2.57645 1.8789
2.57645 2.775
2.57645 1.64879
2.57645 1.73935
2.57645 2.06416
2.57645 1.79807
2.57645 1.82604
2.57645 1.91152
1.51689 2.16998
1.51689 2.24782
1.51689 2.09986
1.51689 2.16998
1.51689 2.24782
1.51689 2.60418
1.51689 2.16998
1.51689 2.12126
1.51689 2.00947
2.41389 3.38038
2.41389 3.42509
2.41389 3.31511
2.41389 4.00391
2.41389 3.53029
2.77189 2.5981
2.77189 2.54662
2.77189 2.65851
2.77189 2.42942
2.77189 2.46352
2.77189 2.5981
2.77189 2.94773
2.77189 2.25322
1.45621 2.50814
1.45621 2.36346
None 2.50213
1.45621 2.49264
1.45621 2.63559
1.45621 2.7294
None 2.64393
1.45621 2.30384
1.45621 2.42362
1.62871 2.78267
1.62871 2.16275
1.62871 2.21791
1.62871 2.02973
1.62871 2.27307
1.62871 2.02996
1.62871 2.02996
1.62871 1.97797
1.62871 2.1873
2.25539 3.47996
2.25539 1.80427
2.25539 2.92419
2.25539 2.60258
2.25539 2.10903
2.25539 2.36536
2.25539 2.25486
2.10558 3.44364
None 1.81834
2.10558 1.98069
2.10558 2.08528
2.10558 2.00115
2.10558 1.75087
2.10558 1.9939
1.98874 2.59577
1.98874 2.37663
1.98874 2.37597
1.98874 2.28061
1.98874 2.26194
1.98874 2.1349
1.98874 2.33109
1.98874 2.39467
1.98874 2.44928
2.43342 2.99264
2.43342 2.15443
2.43342 2.37971
2.07964 2.38834
2.07964 2.21022
2.07964 1.88811
2.07964 3.12033
2.07964 2.00082
2.42206 3.09611
2.42206 1.95426
2.42206 2.20484
2.14797 2.19349
2.14797 2.11172
2.14797 1.67922
2.14797 1.95366
1.40884 2.52095
1.40884 3.07973
1.40884 2.23583
1.40884 2.99361
1.81216 1.93409
1.81216 3.35205
1.81216 2.8874
1.81216 3.13328
1.66824 2.83309
1.66824 2.55426
1.66824 2.52987
1.66824 2.74706
1.66824 2.67646
2.32712 2.38105
2.32712 3.07898
2.32712 2.05965
2.32712 3.07898
2.32712 2.41842
2.32486 2.20544
2.32486 3.11589
2.32486 2.35992
2.32486 2.64529
2.32486 2.20629
2.32486 2.32257
2.32486 2.22854
1.70492 2.21705
1.70492 2.40762
1.70492 2.29493
1.70492 2.29493
1.70492 2.56644
2.05143 1.69618
2.05143 1.73244
2.05143 1.85319
2.05143 2.12478
1.79995 2.93189
1.79995 None
1.79995 1.82522
1.79995 2.17123
1.79995 1.63798
1.64725 1.48957
1.64725 2.78839
1.64725 3.08656
1.64725 1.78974
1.64725 1.33182
1.64725 1.72552
1.59319 2.40488
1.59319 2.27799
1.59319 1.65309
1.59319 2.1614
1.59319 2.06244
1.59319 1.68796
1.59319 1.88327
1.61766 2.92748
1.61766 1.48454
1.61766 2.73024
1.61766 2.43421
1.61766 1.67247
1.61766 1.99057
1.61766 1.76052
1.61766 1.28812
1.51606 2.43684
1.51606 1.55624
1.51606 2.04486
1.51606 2.09585
1.23478 1.99421
1.23478 1.68018
1.23478 2.58842
1.23478 2.58842
1.23478 1.42285
1.23478 1.67455
1.80469 2.55087
1.80469 3.20627
1.80469 2.33651
1.80469 3.20627
1.80469 2.55087
1.80469 1.8244
1.80469 2.764
1.80469 2.00694
2.17098 1.64329
2.17098 2.18285
2.17098 2.45388
2.17098 3.08531
2.17098 1.89311
1.54796 2.23898
1.54796 1.51924
1.54796 2.08214
None 2.39827
1.41319 2.50799
1.41319 2.00697
1.41319 1.60626
1.41319 None
1.06821 1.43774
1.06821 1.44416
1.06821 1.46429
1.06821 1.39438
1.06821 1.50143
1.58959 2.33076
1.58959 1.68167
1.58959 1.85251
1.58959 None
1.72141 1.74496
1.72141 1.94504
1.72141 1.77247
1.72141 2.04106
1.86477 2.38649
1.86477 3.10901
1.86477 1.65708
1.86477 1.88961
1.86477 1.76444
1.86477 1.76444
1.86477 2.84612
1.45638 2.0365
1.45638 2.12748
1.45638 2.28133
1.45638 2.20344
1.45638 2.16771
1.45638 2.28133
1.45638 2.16686
1.45638 2.31435
1.45638 2.47849
1.45638 2.09871
1.29145 1.99433
1.29145 2.4391
1.29145 1.99433
1.29145 2.15247
1.29145 2.42515
1.29145 2.95166
1.29145 2.19606
1.29145 2.19605
1.29145 1.99433
2.29489 2.09644
2.29489 3.30004
2.29489 2.15445
2.29489 2.22354
2.29489 2.77077
2.09223 2.08402
2.09223 2.00774
2.09223 2.12235
2.09223 1.83927
2.09223 2.48624
2.09223 1.95876
2.09223 3.13451
2.09223 2.8312
2.09223 3.03249
1.93442 2.89586
1.93442 2.24464
1.93442 2.34601
1.93442 None
1.93442 2.27059
1.93442 2.14719
2.28243 2.49689
2.28243 2.49398
2.28243 2.53844
2.28243 2.56935
2.28243 2.54837
2.28243 2.53984
2.28243 2.51203
1.65167 2.17098
1.65167 1.99356
1.65167 1.94168
1.65167 1.58499
1.65167 1.78475
1.65167 2.11696
1.65167 1.82285
1.65167 2.35045
1.65167 1.68847
1.599 1.37464
1.599 1.779
1.599 1.95863
1.69007 2.01814
1.69007 1.8802
1.69007 2.05167
1.69007 2.23783
1.69007 2.39172
1.69007 2.33978
1.69007 1.78431
1.69007 1.94284
1.70575 3.31748
1.70575 2.35671
1.70575 2.53143
1.70575 2.66736
1.70575 3.00732
1.70575 2.02032
1.70575 3.00732
1.70575 3.11276
1.70575 2.47695
1.73225 1.63922
1.73225 2.004
1.73225 1.68147
1.73225 1.61874
1.73225 1.94713
1.73225 1.61324
1.73225 1.6695
1.73225 1.63922
1.73225 1.94713
2.05531 2.1435
2.05531 1.8301
2.05531 2.00511
2.05531 1.74958
2.05531 2.36738
2.05531 1.93637
2.05531 1.91688
2.05531 1.95851
2.05531 1.88686
1.46834 2.49666
1.46834 1.74727
1.46834 1.78031
1.46834 2.08431
1.46834 1.79423
1.46834 1.59199
2.15203 2.46976
2.15203 2.61826
2.15203 1.86019
2.15203 2.0007
1.52823 3.10222
1.52823 2.56979
1.52823 2.22941
1.52823 2.22054
1.52823 2.49655
1.52823 2.18973
1.52823 2.0653
1.52823 2.22272
1.91317 2.86874
None 2.33654
1.91317 2.66456
1.91317 1.42672
1.91317 2.33654
1.91317 2.86874
1.91317 1.42672
1.79287 2.34906
1.79287 2.09413
1.79287 2.22803
1.79287 3.43939
1.79287 2.54116
1.79287 3.43939
1.79287 2.46074
1.87989 3.22618
1.87989 2.63015
1.87989 1.97338
1.87989 3.22618
1.87989 1.91382
1.87989 1.82205
1.69246 2.28228
1.69246 2.37436
None 2.18415
1.94878 1.42821
1.94878 2.61062
1.94878 2.22705
1.94878 3.17927
2.0105 2.06671
2.0105 2.05151
2.0105 2.18455
2.0105 2.16183
2.0105 1.77372
2.0105 1.94926
2.0105 2.35932
2.0105 2.35932
2.0105 2.14162
1.66496 1.91933
1.66496 3.03838
1.66496 2.39103
1.66496 3.03838
1.61826 2.45474
1.61826 2.45474
1.61826 2.22738
1.61826 None
1.61826 2.27331
1.61826 2.16186
1.6369 2.08257
1.6369 2.11023
1.6369 2.23184
1.6369 2.08198
1.6369 2.10847
1.6369 2.30586
1.56605 1.7205
1.56605 2.10291
1.56605 1.88035
1.56605 1.57436
1.56605 1.82178
1.56605 2.19848
1.56605 2.47754
1.56605 2.43144
1.56605 2.67262
1.56605 2.08655
2.04441 2.30696
2.04441 None
2.04441 2.13735
2.04441 2.13193
None 2.13193
None 2.27195
1.40474 2.0051
1.40474 1.63241
1.40474 2.35003
1.40474 2.35003
None 1.95812
1.59704 1.80028
1.59704 1.51306
1.59704 1.6536
1.59704 2.02797
1.59704 None
1.59704 1.69207
1.59704 2.19908
1.59704 1.76381
1.77956 2.19583
1.77956 3.08888
1.77956 3.08888
1.77956 2.55219
1.77956 None
1.77956 2.00716
1.77956 1.90279
1.02621 2.5218
1.02621 2.68804
1.02621 3.42777
1.02621 2.64445
1.02621 2.78228
1.02621 2.5218
1.02621 2.78133
1.02621 2.73221
1.55813 1.7278
1.55813 3.52429
1.55813 2.38443
1.55813 3.03028
1.55813 2.38443
None 3.30156
1.24976 2.64802
1.24976 1.83235
1.24976 2.18444
None 2.00878
1.96562 2.21562
1.96562 1.81058
1.96562 2.24702
1.96562 2.08184
1.96562 1.9194
1.96562 2.47232
1.96562 2.59129
2.53478 1.29868
2.53478 2.72289
2.53478 2.24846
2.53478 1.82854
2.53478 1.30847
2.12039 1.95169
2.12039 2.07782
2.12039 2.62163
2.12039 2.23473
2.12039 2.27481
1.41608 2.35591
1.41608 2.4432
2.16803 3.09385
2.16803 1.67472
2.16803 2.38609
2.16803 2.11632
2.16803 2.50271
2.16803 3.09385
2.16803 2.36747
2.16803 2.06743
1.94395 2.37791
1.94395 2.9503
1.94395 2.62009
1.94395 2.36951
1.94395 2.62738
1.94395 2.51803
1.39488 2.12342
1.39488 2.74014
1.39488 3.30985
1.39488 2.01077
1.39488 1.81834
1.39488 2.41348
1.39488 2.74014
1.39488 2.88865
1.78271 2.37739
1.78271 2.80929
1.78271 2.65458
1.78271 1.95517
1.78271 2.23849
1.78271 2.17414
1.78271 2.80929
1.78271 2.17414
0.808641 2.12439
0.808641 2.28946
0.808641 2.06981
0.808641 3.19144
1.29986 1.64096
1.29986 1.8519
1.29986 1.22958
1.29986 2.77652
1.29986 2.53491
1.45933 2.41526
1.45933 2.57409
1.45933 2.36625
1.45933 2.81624
1.45933 2.33097
1.45933 2.55513
1.45933 2.81624
0.860541 2.3187
0.860541 2.15195
0.860541 2.05235
0.860541 2.30539
0.860541 1.98218
0.860541 2.18021
0.860541 2.30929
0.860541 2.44335
0.860541 2.18021
1.7024 2.62662
1.7024 2.62662
1.7024 2.57843
1.7024 2.36378
1.7024 2.32463
1.7024 2.75678
1.7024 2.94413
1.93618 3.15586
1.93618 1.89869
1.93618 2.56518
1.93618 3.15586
1.93618 None
1.93618 2.52953
1.93618 2.03181
1.93618 2.24345
2.02082 2.36193
2.02082 2.13689
2.02082 2.2887
2.02082 None
2.02082 1.91715
2.02082 None
2.02082 1.75083
2.15631 2.08026
2.15631 2.08026
2.15631 2.04293
2.15631 1.87418
2.15631 2.08026
2.15631 1.79115
2.15631 1.75227
1.42438 2.01797
2.46825 2.3673
2.46825 2.44797
1.42438 2.18236
1.42438 2.18236
2.46825 2.43223
1.42438 1.93185
1.42438 1.93399
2.46825 2.45383
1.42438 2.13502
0.991446 2.21965
0.991446 2.27161
0.991446 2.19373
0.991446 2.3122
0.991446 2.19435
1.73344 2.49786
1.73344 2.89944
1.73344 2.57376
1.73344 2.75741
1.56225 2.59214
1.56225 2.46167
1.56225 2.39197
1.56225 2.50384
1.56225 2.42928
1.56225 2.66655
1.56225 2.39197
1.56225 2.62038
0.99726 2.63637
0.99726 2.25685
0.99726 2.33517
0.99726 2.2735
0.99726 2.26249
0.99726 2.14846
2.25258 2.69866
2.25258 2.23688
2.25258 3.18831
2.25258 2.39985
2.25258 2.5489
1.60574 2.64174
1.60574 1.55627
1.60574 1.81514
1.60574 2.25862
1.60574 1.66559
1.60574 None
1.60574 2.39233
1.60574 2.39233
1.60574 3.11989
2.03228 2.75499
2.03228 None
2.03228 2.21733
2.03228 2.04589
2.03228 2.26807
2.03228 2.0929
2.03228 2.13954
2.03228 2.14321
2.17219 3.8928
2.17219 2.54601
2.17219 2.85729
2.17219 3.35384
2.17219 2.46534
1.9062 1.64941
1.9062 2.29431
1.9062 1.64941
1.9062 2.49745
1.9062 2.04945
1.9062 1.44767
1.9062 2.03238
2.01259 1.84969
2.01259 2.21602
2.01259 2.63402
2.01259 1.89185
2.01259 2.48843
2.01259 1.66255
2.01259 1.76849
2.01259 2.05816
2.01259 1.88765
2.01259 1.82155
1.68702 3.21686
1.68702 3.01683
1.68702 2.95026
1.68702 3.40665
1.68702 2.91938
1.68702 3.18773
1.68702 2.95026
1.68702 3.41142
1.68702 2.86303
1.68702 2.99124
2.04775 2.70839
2.04775 2.40001
2.04775 1.86564
2.04775 2.70839
2.02119 3.07067
2.02119 3.07067
2.02119 None
2.02119 2.63309
2.02119 1.30432
2.02119 1.2392
2.02119 3.07067
2.02119 3.07067
2.02119 2.34901
1.50163 2.59329
1.50163 2.22496
1.50163 2.56562
1.50163 2.58306
1.50163 2.36752
1.50163 2.84952
1.50163 2.62552
1.50163 2.32076
1.50163 2.97969
1.50163 2.16166
1.34686 2.05238
1.34686 1.91208
1.34686 3.17466
1.34686 3.17011
1.34686 2.68687
1.78113 2.56609
1.78113 2.14234
1.78113 3.07356
1.78113 2.14234
1.78113 1.93082
1.78113 3.07356
1.66545 1.66475
1.66545 2.24115
1.66545 2.24115
1.66545 1.92519
1.5636 2.54273
1.5636 2.01698
1.5636 2.3599
1.5636 2.75831
1.5636 2.75831
1.5636 2.00196
1.5636 2.3599
1.5636 2.2156
0.76995 2.9769
0.76995 2.16172
0.76995 2.43097
0.76995 1.64623
0.76995 2.16172
0.76995 2.22982
1.22446 2.50998
1.22446 3.03583
1.22446 1.81069
1.22446 2.13964
1.22446 2.13964
1.22446 2.10776
1.22446 3.0448
1.22446 1.81069
1.70682 2.24276
None 2.39546
None 2.39546
1.70682 2.31744
1.70682 2.37251
1.70682 2.17734
None 2.2495
None 2.43027
1.89898 2.11966
1.89898 2.82954
1.89898 2.50024
1.89898 2.11966
1.89898 1.72011
1.89898 2.67086
1.89898 1.88242
1.89898 1.66224
2.01502 2.292
2.01502 3.05105
2.01502 2.49409
2.01502 2.88199
2.01502 2.40172
2.01502 2.68247
2.01502 2.68247
2.01502 2.28562
1.35 1.88546
1.35 3.25287
1.35 2.05613
1.35 2.33954
1.35 2.05613
1.90246 2.60029
1.90246 1.72688
1.90246 2.07195
1.90246 1.94018
1.90246 1.33384
1.90246 2.07195
1.90246 1.92108
1.90246 2.06421
2.13228 2.8287
2.13228 3.46586
2.13228 2.72443
2.13228 2.66047
2.13228 None
2.13228 2.27983
2.13228 2.2309
2.13228 3.20354
2.24741 1.95963
2.24741 2.00264
2.24741 2.06223
2.24741 2.48848
2.24741 2.72206
1.40816 2.13323
1.40816 2.05174
1.40816 2.81066
1.40816 2.08747
1.40816 2.14316
1.40816 2.76249
1.40816 2.81066
1.40816 2.38195
